0 3344
1 3344
2 2610
3 1571
4 1571
5 1571
6 1571
7 1571
8 1571
9 1571
10 1571
11 1571
12 1571
13 1571
14 1571
15 1550
16 1550
17 1550
18 1550
19 1550
20 1549
21 1432
22 1401
23 1368
24 1338
25 1239
26 1239
27 1237
28 1237
29 1237
30 1236
31 1236
32 1236
33 1236
34 1204
35 1204
36 1204
37 1204
38 1204
39 1204
40 1204
41 1204
42 1204
43 1204
44 1204
45 1204
46 1204
47 1204
48 1204
49 1134
50 1134
51 1134
52 1134
53 1134
54 1134
55 1134
56 1134
57 1134
58 1134
59 1134
60 1134
61 1119
62 1118
63 1004
64 934
65 934
66 934
67 933
68 933
69 933
70 933
71 933
72 933
73 932
74 932
75 932
76 932
77 932
78 932
79 932
80 932
81 932
82 932
83 932
84 932
85 932
86 932
87 932
88 932
89 932
90 932
91 932
92 932
93 932
94 932
95 932
96 932
97 932
98 932
99 932
100 932
101 932
102 932
103 932
104 932
105 932
106 932
107 932
108 932
109 932
110 932
111 932
112 932
113 932
114 932
115 932
116 932
117 932
118 932
119 932
120 932
121 932
122 932
123 932
124 932
125 932
126 932
127 932
128 932
129 932
130 932
131 932
132 932
133 932
134 932
135 932
136 932
137 932
138 932
139 932
140 932
141 932
142 932
143 932
144 932
145 932
146 932
147 932
148 932
149 932
150 932
151 932
152 932
153 932
154 932
155 932
156 932
157 932
158 932
159 932
160 932
161 932
162 932
163 932
164 932
165 932
166 932
167 932
168 932
169 932
170 932
171 932
172 932
173 932
174 932
175 932
176 932
177 932
178 932
179 932
180 932
181 932
182 932
183 932
184 932
185 932
186 932
187 932
188 932
189 932
190 932
191 932
192 932
193 932
194 932
195 932
196 932
197 932
198 932
199 932
200 932
