175597
175597
175597
175597
175597
175597
175596
167684
163421
158894
148780
145848
139718
133410
131333
130743
130743
125933
125739
125371
123241
119977
119172
116242
116189
116189
115072
113879
110622
107146
105263
105204
103814
100565
100562
100485
100477
99941
98387
98385
98342
98342
97363
96075
93772
93572
91981
91620
88960
87700
87700
87676
87676
87676
86870
86870
86870
86870
86660
86310
86145
86145
86145
86145
86139
85663
85659
85659
85659
85659
81139
81078
79884
79193
77949
77949
77949
77946
77946
77944
77944
77944
77944
77944
77499
77499
77499
77499
75984
75984
75984
75138
74648
73669
73665
73437
72988
72988
72988
72988
72973
72973
71742
71481
71481
71481
71151
71151
71151
71151
70976
70974
70974
70974
70974
70974
70969
70969
70967
70967
70003
70003
69944
69944
69944
69598
69598
69598
69598
69598
69598
69598
69458
69458
69458
68564
68557
68557
68557
68557
67797
66760
66760
66758
66755
66755
66754
66033
66033
65101
65101
65101
65101
65101
65099
65099
65099
65099
65099
65093
65093
65093
65093
65093
65075
63870
63811
63811
63811
63722
63722
63722
63722
63722
63722
62724
62724
61763
61763
61550
61550
61431
61431
60023
59807
59807
59804
59804
59804
59804
59804
59335
59335
59335
59335
59335
59333
59333
59333
59333
59333
59333
59333
59331
58835
58835
58835
58835
58833
58833
58833
58735
58733
58733
58733
58731
58731
58731
58731
58731
58731
57935
57935
57935
57935
57935
57935
57935
57935
57935
57935
57935
57933
57933
57933
57721
57721
57721
57721
57721
57721
57721
57721
57721
57721
57721
57721
57721
57721
57721
57721
57721
57721
57721
57721
57721
57721
57721
57721
57721
57600
57600
57599
57599
57599
57599
57599
57599
57599
57599
57599
57598
57596
57596
57596
57596
57596
57596
57596
57596
57596
57596
57596
57596
57596
57596
56810
56810
56810
56810
56810
56810
56808
56806
56806
56806
56805
56805
56805
56805
56805
